[2025-05-19 15:51:42.853489]

l1:
average-l1: 69.845
S-l1: 0.005773502691891007
pS-l1: 0.0028867513459455035
uAx-l1: 0.003464101615134604
uBx-l1: 0.05773502691896258
ux-l1: 0.05783885660465041
result of l1: 69.845 (0.05783885660465041)

l2:
average-l2: 69.575
S-l2: 0.020816659994660598
pS-l2: 0.010408329997330299
uAx-l2: 0.01248999599679636
uBx-l2: 0.05773502691896258
ux-l2: 0.059070579253409417
result of l2: 69.575 (0.059070579253409417)

l3:
average-l3: 69.815
S-l3: 0.023804761428474413
pS-l3: 0.011902380714237206
uAx-l3: 0.014282856857084646
uBx-l3: 0.05773502691896258
ux-l3: 0.05947548514584226
result of l3: 69.815 (0.05947548514584226)

l4:
average-l4: 69.82
S-l4: 0.018257418583507094
pS-l4: 0.009128709291753547
uAx-l4: 0.010954451150104256
uBx-l4: 0.05773502691896258
ux-l4: 0.05876506898943754
result of l4: 69.82 (0.05876506898943754)

D1:
average-D1: 30.0
S-D1: 0.0
pS-D1: 0.0
uAx-D1: 0.0
uBx-D1: 0.011547005383792516
ux-D1: 0.011547005383792516
result of D1: 30.0 (0.011547005383792516)

H1:
average-H1: 30.025
S-H1: 0.05000000000000071
pS-H1: 0.025000000000000355
uAx-H1: 0.030000000000000426
uBx-H1: 0.011547005383792516
ux-H1: 0.03214550253664358
result of H1: 30.025 (0.03214550253664358)

D2:
average-D2: 18.04
S-D2: 0.016329931618554172
pS-D2: 0.008164965809277086
uAx-D2: 0.009797958971132503
uBx-D2: 0.011547005383792516
ux-D2: 0.015143755588800593
result of D2: 18.04 (0.015143755588800593)

H2:
average-H2: 22.055
S-H2: 0.2505327656548465
pS-H2: 0.12526638282742325
uAx-H2: 0.1503196593929079
uBx-H2: 0.011547005383792516
ux-H2: 0.15076250639112224
result of H2: 22.055 (0.15076250639112224)

V - 15586.13663395743
dV - 48.556734156055924

uncorrected:
average-uncorrected: 22.187833333333334
S-uncorrected: 0.006585337247755216
pS-uncorrected: 0.0026884526735240677
uAx-uncorrected: 0.0029841824676117156
uBx-uncorrected: 0.0005773502691896258
ux-uncorrected: 0.0030395194247338645
result of uncorrected: 22.187833333333334 (0.0030395194247338645)

corrected:
average-corrected: 22.17683333333333
S-corrected: 0.006585337247755216
pS-corrected: 0.0026884526735240677
uAx-corrected: 0.0029841824676117156
uBx-corrected: 0.0005773502691896258
ux-corrected: 0.0030395194247338645
result of corrected: 22.17683333333333 (0.0030395194247338645)

V - 5710.803541258857
uv - 2.3481393443677283

m0:
average-m0: 4.91
S-m0: 0.009999999999999787
pS-m0: 0.005773502691896135
uAx-m0: 0.0076210235533028985
uBx-m0: 0.005773502691896258
ux-m0: 0.00956103202239857
result of m0: 4.91 (0.00956103202239857)

m1:
average-m1: 297.17
S-m1: 0.009999999999990905
pS-m1: 0.005773502691891007
uAx-m1: 0.00762102355329613
uBx-m1: 0.005773502691896258
ux-m1: 0.009561032022393175
result of m1: 297.17 (0.009561032022393175)

m2:
average-m2: 301.16333333333336
S-m2: 0.05859465277083453
pS-m2: 0.03382963855031397
uAx-m2: 0.04465512288641444
uBx-m2: 0.005773502691896258
ux-m2: 0.04502680683031063
result of m2: 301.16333333333336 (0.04502680683031063)

p - 1.2295492487479114
up - 0.002363436415584146

